121212121
121212121
121212121
121212121
121212121
121212121
121212121
121212121
121212121
121212121
121212121
121212121
121212121
121212121
121212121
121212121
121212121
121212121
121212121
121212121
121212121
121212121
121212121
121212121
121212121
121212121
121212121
121212121
121212121
121212121
121212121
121212121
121212121
121212121
121212121
121212121
121212121
121212121
121212121
121212121
121212121
121212121
121212121
121212121
121212121
121212121
121212121
121212121
121212121
121212121
121212121
121212121
121212121
121212121
121212121
121212121
121212121
121212121
121212121
121212121
121212121
121212121
121212121
121212121
121212121
121212121
121212121
121212121
121212121
121212121
121212121
121212121
121212121
121212121
121212121
121212121
121212121
121212121
121212121
121212121
121212121
121212121
121212121
121212121
121212121
121212121
121212121
121212121
121212121
121212121
121212121
121212121
121212121
121212121
121212121
121212121
121212121
121212121
121212121
121212121
121212121
121212121
121212121
121212121
121212121
121212121
121212121
121212121
121212121
121212121
121212121
121212121
121212121
121212121
121212121
121212121
121212121
121212121
121212121
121212121
121212121
ababababba
ababababba
ababababbaba
787878
78778778
78778
8887877
